0106/09/2023000300000046           387059,8402171161     367706,8530/09/2023010      97651,82  0,00          8020073730857                      100002023100001
0107/09/2023000300000025           633272,2702171161     601608,6630/09/2023010     170161,38  0,00          8027310700865                      200002023100002
0108/09/2023000400000012           631528,1402171161     596870,3130/09/2023010     168692,50  0,00          8020305653471                      300002023100003
0111/09/2023000300000099          1667668,1202171161    1591600,9530/09/2023010     477058,99  0,00          8020261150590                      400002023100004
0106/09/2023000300000027           546584,3502171161     519255,1330/09/2023010     144631,79  0,00          8020925450708                      500002023100005
0106/09/2023000200000172          1443041,7102171161    1370889,6230/09/2023010     408638,48  0,00          8020214054621                      600002023100006
0112/09/2023000200000040           181600,6302171161     169439,1830/09/2023010      36188,85  0,00          8020223897445                      800002023100008
0110/09/2023000300000041          1051888,9502171161     996213,0830/09/2023010      15444,26  0,00          8020283692729                      900002023100009
0110/09/2023000300000150           343443,9402171161     326271,7430/09/2023010      84806,94  0,00          8023136360159                     1000002023100010
0111/09/2023000300000124           933698,7902171161     887013,8530/09/2023010     258636,99  0,00          8027253131964                     1100002023100011
0111/09/2023000300000162           294112,3302171161     279406,7130/09/2023010      70278,78  0,00          8020245006021                     1200002023100012
0107/09/2023000300000063          1405213,3402171161    1334952,6730/09/2023010     397498,03  0,00          8027139123013                     1300002023100013
0110/09/2023000300000046           435061,6502171161     413308,5730/09/2023010     111788,36  0,00          8020302925705                     1400002023100014
0108/09/2023000300000063           869697,6402171161     826212,7630/09/2023010     239788,66  0,00          8020184158184                     1500002023100015
0106/09/2023000300000364          1397701,8202171161    1331522,8830/09/2023010     396434,79  0,00          8020204934011                     1600002023100016
0107/09/2023000200000387          1596840,5502171161    1521132,6130/09/2023010     455213,81  0,00          8020176945142                     1700002023100017
0107/09/2023000400000103          1932624,2902171161    1835993,0830/09/2023010     552820,55  0,00          8023168787804                     1800002023100018
0107/09/2023000300000098          1067522,8402171161    1014146,7030/09/2023010     298048,18  0,00          8027205745810                     1900002023100019
0109/09/2023000200000097          2049140,3302171161    1946683,3130/09/2023010     587134,53  0,00          8020082900005                     2000002023100020
0107/09/2023000200000267           702594,0102171161     667464,3130/09/2023010     190576,64  0,00          8020137980011                     2100002023100021
0107/07/2023000100000044           240907,0902171161     228861,7430/09/2023010      54609,84  0,00          8027202131773                     2200002023100022
0109/09/2023000300000104          1284344,4702171161    1221656,1930/09/2023010     362376,12  0,00          8020117034330                     2300002023100023
0107/09/2023000300000586           274199,1902171161     260489,2330/09/2023010      64414,36  0,00          8027181553125                     2400002023100024
0110/09/2023000300000002           826073,7902171161     784770,1030/09/2023010     226941,43  0,00          8020327852141                     2500002023100025
0101/09/2023000300000215           421863,7302171161     397689,1230/09/2023010     106946,33  0,00          8020291849769                     2600002023100026
0112/09/2023000300000018            69106,8702171161      65651,5330/09/2023010       6508,95  0,00          8020234645391                     2700002023100027
0110/09/2023000200000098          1687183,6602171161    1602824,4830/09/2023010     480538,29  0,00          8020125664386                     2800002023100028
0107/09/2023000300000538           258966,9402171161     246018,5930/09/2023010      59928,46  0,00          8027226676088                     2900002023100029
0106/09/2023000300000222           535979,3102171161     535979,3130/09/2023010     149816,29  0,00          8027142843604                     3000002023100030
0108/09/2023000300000185           346220,4102171161     328909,3930/09/2023010      85624,61  0,00          8020184159822                     3100002023100031
0106/09/2023000200000028          1742719,0102171161    1655583,0630/09/2023010     496893,45  0,00          8023207902659                     3200002023100032
0112/09/2023000400000072           371332,6702171161     352766,0430/09/2023010      93020,17  0,00          8023182939269                     3300002023100033
0111/09/2023000200000169          1012646,8902171161     964545,3730/09/2023010     282671,76  0,00          8020236188176                     3400002023100034
0107/09/2023000200000120          2633021,0502171161    2501370,0030/09/2023010     759087,40  0,00          8027126006093                     3500002023100035
0108/09/2023000200000089           605606,8402171161     575326,5030/09/2023010     162013,92  0,00          8020219673796                     3600002023100036
0111/09/2023000500000061           604066,1402171161     573862,8330/09/2023010     161560,18  0,00          8020253038617                     3700002023100037
0108/09/2023000300000104          2081303,8902171161    2018905,9630/09/2023010     609523,55  0,00          8027137240772                     3800002023100038
0108/09/2023000200000058          1818864,1602171161    1730199,4330/09/2023010     520024,52  0,00          8020214285739                     3900002023100039
0107/09/2023000200000197           942756,2202171161     895618,4130/09/2023010     261304,41  0,00          8020226401092                     4000002023100040
0112/09/2023000300000437          2418054,5802171161    2300882,2530/09/2023010     680598,89  0,00          8023176134739                     4100002023100041
0106/09/2023000300000081           267731,9402171161     254345,3430/09/2023010      62509,76  0,00          8027266254666                     4200002023100042
0107/09/2023000200000176           704899,5202171161     669654,5430/09/2023010     191255,61  0,00          8020188666281                     4300002023100043
0106/09/2023000400000177           624570,8702171161     593342,3330/09/2023010     167598,82  0,00          8020248737477                     4400002023100044
0107/09/2023000200000432           474034,1502171161     450332,4430/09/2023010     123265,76  0,00          8020162251873                     4500002023100045
0108/09/2023000100000112           684794,6002171161     650554,8730/09/2023010     185334,71  0,00          8020176608022                     4700002023100047
0107/09/2023000200000153           983171,4902171161     935309,4130/09/2023010     273608,62  0,00          8030712139117                     4800002023100048
0107/09/2023000300000069          1706277,4802171161    1634812,4430/09/2023010     490454,56  0,00          8020254403912                     4900002023100049
0111/09/2023000300000087           610253,7502171161     579741,0630/09/2023010     163382,43  0,00          8020939767755                     5000002023100050
0109/09/2023000300000263           794123,8002171161     755126,2230/09/2023010     217751,83  0,00          8020160551241                     5100002023100051
0111/09/2023000500000424            65816,0902171161      65816,0930/09/2023010       6546,80  0,00          8027279258474                     5200002023100052
0107/09/2023000500000196            76054,9302171161      73987,6230/09/2023010       8426,25  0,00          8027122148136                     5300002023100053
0107/09/2023000200000215           665916,4502171161     632620,6330/09/2023010     179775,10  0,00          8020217142963                     5400002023100054
0107/09/2023000500000140           564705,6702171161     536470,3930/09/2023010     149968,52  0,00          8027225917529                     5500002023100055
0108/09/2023000400000087           355913,8402171161     338118,1530/09/2023010      88479,33  0,00          8020248927284                     5600002023100056
0107/09/2023000300000109          1384815,9702171161    1319052,0530/09/2023010     392568,84  0,00          8020218354263                     5700002023100057
0111/09/2023000200000106          2005040,9702171161    1904788,9230/09/2023010     574147,27  0,00          8020172544410                     5800002023100058
0112/09/2023000200000116          3691802,0302171161    3507211,9330/09/2023010    1070898,40  0,00          8020257975631                     5900002023100059
0106/09/2023000200000112           891951,3902171161     847353,8230/09/2023010     246342,38  0,00          8020241590268                     6000002023100060
0110/09/2023000300000153           102651,7902171161      97519,2030/09/2023010      14506,08  0,00          8020269490013                     6100002023100061
0111/09/2023000600000081            91244,8902171161      86682,6530/09/2023010      11580,22  0,00          8020171077886                     6200002023100062
0112/09/2023000200001719            52015,9302171161      49415,1330/09/2023010       3391,17  0,00          8027245395154                     6300002023100063
0111/09/2023000200000016           422281,4502171161     401167,3830/09/2023010     108024,59  0,00          8027188545713                     6400002023100064
0106/09/2023000300000085           686471,9002171161     652148,3030/09/2023010     185828,67  0,00          8027131815056                     6500002023100065
0112/09/2023000100000031          1073390,6602171161    1016639,7130/09/2023010     298821,01  0,00          8020271050950                     6600002023100066
0109/09/2023000300000025           245059,3302171161     232806,3630/09/2023010      55832,67  0,00          8020354133084                     6700002023100067
0106/09/2023000300000023           355163,4502171161     334323,8630/09/2023010      87303,10  0,00          8020247589415                     6800002023100068
0110/09/2023000300000084            35436,3302171161      30583,0930/09/2023010        917,78  0,00          8027227021689                     6900002023100069
0107/09/2023000100000040           136614,7202171161     126702,5630/09/2023010      22940,49  0,00          8027220755040                     7000002023100070
0110/09/2023000300000048           202274,4002171161     189079,2630/09/2023010      42277,27  0,00          8020270683046                     7100002023100071
0107/09/2023000300000045           327852,0702171161     308378,0530/09/2023010      79259,90  0,00          8020290574871                     7200002023100072
0107/09/2023000200000176           217896,5402171161     203920,2930/09/2023010      46877,99  0,00          8020116169127                     7300002023100073
0112/09/2023000200000140           574192,1102171161     542401,0830/09/2023010     151807,03  0,00          8027269522637                     7400002023100074
0106/09/2023000300000013           241887,3702171161     226711,5830/09/2023010      53943,29  0,00          8020330395045                     7500002023100075
0111/09/2023000400000047          1832825,6702171161    1738917,1530/09/2023010     522727,02  0,00          8020293318841                     7600002023100076
0111/09/2023000400000042           382652,1502171161     360438,1230/09/2023010      95398,52  0,00          8020263129521                     7700002023100077
0106/09/2023000400000021           482265,8102171161     455071,1030/09/2023010     124734,74  0,00          8027302233808                     7800002023100078
0108/09/2023000300000189          1516260,8702171161    1440447,8330/09/2023010     430201,53  0,00          8020255448871                     7900002023100079
0113/09/2023000200000565           455955,4802171161     430076,2930/09/2023010     116986,35  0,00          8020266381280                     8000002023100080
0106/09/2023000100000118           430831,5102171161     406208,5130/09/2023010     109587,34  0,00          8020268391410                     8200002023100082
0106/09/2023000200000115           411594,5602171161     391014,8330/09/2023010     104877,30  0,00          8020144773153                     8300002023100083
0107/09/2023000300000008           331487,0002171161     314912,6530/09/2023010      81285,62  0,00          8027955190853                     8400002023100084
0110/09/2023000400000030           154881,6902171161     144056,1930/09/2023010      28320,12  0,00          8027244047845                     8500002023100085
0106/09/2023000400000089           166031,1002171161     157729,5530/09/2023010      32558,86  0,00          8020294176641                     8600002023100086
0112/09/2023000300000094           142821,9602171161     135680,8630/09/2023010      25723,77  0,00          8024257316528                     8700002023100087
0109/09/2023000400000452           331319,0202171161     311671,6530/09/2023010      80280,91  0,00          8020119242860                     8800002023100088
0107/09/2023000300000027            63497,1502171161      57240,8730/09/2023010       4878,07  0,00          8020286223142                     8900002023100089
0110/09/2023000200000046           127172,9102171161     117732,8430/09/2023010      20159,88  0,00          8027309784540                     9000002023100090
0109/09/2023000300000309           879765,3502171161     832695,6630/09/2023010     241798,35  0,00          8023238038529                     9100002023100091
0106/09/2023000200000007           165366,0002171161     157097,7030/09/2023010      32362,99  0,00          8020359516275                     9200002023100092
0107/09/2023000300000024           195614,6902171161     185833,9630/09/2023010      41271,23  0,00          8023140264369                     9300002023100093
0110/09/2023000100000021           126145,2202171161     116756,5430/09/2023010      19857,23  0,00          8020288060852                     9400002023100094
0111/09/2023000600000002           504927,0802171161     476599,3130/09/2023010     131408,49  0,00          8020320549931                     9500002023100095
0110/09/2023000400000024           215582,0802171161     201721,5630/09/2023010      46196,38  0,00          8020287537035                     9600002023100096
0112/09/2023000300000029          1271076,2102171161    1207522,4030/09/2023010     357994,64  0,00          8020189031441                     9700002023100097
0107/09/2023000300000017            27732,7802171161      23264,7230/09/2023010        321,74  0,00          8020267326682                     9900002023100099
0108/09/2023000200000007           152918,5002171161     142191,1530/09/2023010      27741,96  0,00          8020359420782                    10000002023100100
0111/09/2023000300000010           165512,4002171161     157236,7830/09/2023010      32406,10  0,00          8020249076822                    10100002023100101
0108/09/2023000500000003          1933830,8302171161    1834057,8730/09/2023010     552220,64  0,00          8027271785173                    10200002023100102
0114/09/2023000400000041           436650,3302171161     414833,2730/09/2023010     112261,01  0,00          8027952623201                    10300002023100103
0111/09/2023000300000001            48936,0002171161      48936,0030/09/2023010       3300,14  0,00          8020953830478                    10400002023100104
0111/09/2023000400000084           168730,8602171161     157212,9030/09/2023010      32398,70  0,00          8020304210657                    10500002023100105
0107/09/2023000400000017           733164,8502171161     693425,1930/09/2023010     198624,51  0,00          8020283842313                    10600002023100106
0108/09/2023000300000004           151135,4802171161     140497,2930/09/2023010      27216,86  0,00          8020949495656                    10700002023100107
0112/09/2023000400000015           202716,6302171161     192580,8030/09/2023010      43362,75  0,00          8020178172779                    10900002023100109
0110/09/2023000300000035           283885,7202171161     269691,4330/09/2023010      67267,04  0,00          8020256108071                    11000002023100110
0109/09/2023000300000303           880937,6102171161     838188,8430/09/2023010     243501,24  0,00          8020110760923                    11200002023100112
0107/09/2023000300000044           651003,9502171161     618453,7530/09/2023010     175383,36  0,00          8027264177095                    11300002023100113
0108/09/2023000200000204          1327001,4702171161    1260651,4030/09/2023010     374464,63  0,00          8027210656222                    11400002023100114
0108/09/2023000300000102          1009619,9102171161     959578,4730/09/2023010     281132,03  0,00          8020111997048                    11500002023100115
0111/09/2023000300000067           426588,5202171161     405259,0930/09/2023010     109293,02  0,00          8023287127324                    11600002023100116
0107/09/2023000200000099          1440294,6202171161    1368279,8930/09/2023010     407829,47  0,00          8027170915130                    11700002023100117
0106/09/2023000300000044           101457,1802171161      96384,3230/09/2023010      14199,67  0,00          8020235299950                    11800002023100118
0111/09/2023000400000075           776693,2202171161     737858,5630/09/2023010     212398,85  0,00          8020278235468                    11900002023100119
0106/09/2023000200000134          1061901,6802171161    1008806,6030/09/2023010     296392,75  0,00          8020248699133                    12000002023100120
0110/09/2023000400000122            47762,0102171161      45373,9130/09/2023010       2761,59  0,00          8027220612096                    12100002023100121
0111/09/2023000300000101          1106853,7602171161    1051511,0730/09/2023010     309631,13  0,00          8023179415089                    12200002023100122
0109/09/2023000700000021            43730,4802171161      41543,9630/09/2023010       2187,09  0,00          8020083825325                    12300002023100123
0106/09/2023000200000116           333666,8302171161     316983,4930/09/2023010      81927,58  0,00          8020289537679                    12400002023100124
0112/09/2023000300000156           239153,0802171161     227195,4330/09/2023010      54093,28  0,00          8027255402833                    12500002023100125
0111/09/2023000100000033           340542,7502171161     323515,6130/09/2023010      83952,54  0,00          8027928148896                    12600002023100126
0107/09/2023000300000048           171573,6002171161     162994,9230/09/2023010      34191,13  0,00          8020316040994                    12700002023100127
0107/09/2023000200000198           840371,6002171161     798353,0230/09/2023010     231152,14  0,00          8027275339283                    12800002023100128
0107/09/2023000500000022           588283,8502171161     558869,6630/09/2023010     156912,29  0,00          8020940082979                    12900002023100129
0108/09/2023000300000092           121902,5202171161     115807,3930/09/2023010      19562,99  0,00          8020234771184                    13000002023100130
0108/09/2023000300000124          1627098,2802171161    1547502,0530/09/2023010     463388,34  0,00          8020263123825                    13100002023100131
